4 4
2 1 2
0
1 3
0
2 2 1
0
1 3
0

3 4
2 1 2
0
1 0
2 1 2
0
1 3
2 1 2

3 1
2 1 1
2 2 2
2 0 0
2 0 0

1 1
0
0

1 2
0
1 1
0

1 1
0
1 0

1 1
1 0
1 0

1 1
2 0 0
1 0

1 2
1 0
1 1
1 0

1 2
1 0
1 1
0

10 12
2 2 8
3 0 9 9
3 2 9 6
2 5 0
3 6 1 1
3 2 1 8
2 5 8
3 0 4 9
2 5 3
3 8 7 1
2 8 0
3 6 10 4
3 8 7 9
2 11 0
3 9 4 10
3 11 4 6
2 8 0
3 9 1 4
3 11 7 9
2 2 9
3 0 7 10
3 5 4 3

8 10
2 4 2
2 6 3
3 3 6 1
3 7 5 6
2 4 2
2 5 7
2 5 2
3 2 1 1
2 7 2
2 5 4
3 6 1 3
2 1 4
3 4 5 3
2 8 6
3 9 8 1
2 0 6
2 8 6
3 9 3 5

12 9
2 10 5
2 2 4
2 9 9
2 4 11
2 5 1
2 9 6
2 10 2
2 8 4
2 3 0
2 7 2
2 2 7
2 6 3
2 7 5
2 3 1
2 7 3
2 2 4
2 1 3
2 6 0
2 7 5
2 8 1
2 4 6

4 3
3 0 3 2
3 3 1 0
3 0 0 1
3 1 1 1
3 2 2 2
3 2 2 2
3 0 2 1

7 8
3 6 1 2
3 0 4 5
3 4 1 6
3 4 0 1
3 4 1 0
3 0 6 1
3 0 3 2
3 6 3 2
3 2 0 7
3 6 5 4
3 6 4 1
3 2 5 0
3 0 0 5
3 4 7 6
3 4 6 1

10 11
2 4 5
3 6 4 3
3 8 1 7
2 1 9
3 0 7 3
3 9 7 1
2 7 5
3 6 7 3
3 8 1 1
3 2 7 1
2 1 2
3 0 7 6
3 10 9 4
2 1 8
3 0 4 3
3 5 4 7
2 7 2
3 6 4 3
3 5 1 7
3 6 9 3
3 2 4 7

10 10
2 9 5
3 1 8 0
3 3 2 3
3 6 5 7
2 9 2
3 1 2 9
3 1 2 4
2 9 2
3 3 5 9
3 9 2 7
2 7 6
3 5 1 2
3 7 4 3
2 7 6
3 7 6 5
3 9 1 0
3 5 6 9
3 5 1 8
2 9 6
3 2 6 0

11 11
3 8 9 3
2 10 3
3 1 10 9
3 2 6 6
2 4 9
3 1 4 9
3 2 0 3
2 7 3
3 4 7 3
3 5 6 6
2 7 9
3 10 0 3
2 9 3
3 6 1 0
3 2 0 5
2 4 0
3 7 5 0
2 1 8
3 9 6 5
3 10 5 8
2 1 8
3 9 4 0

9 9
3 4 8 4
2 5 2
3 8 8 7
2 3 6
3 2 8 3
2 1 2
3 6 6 7
2 5 8
3 4 8 1
3 6 2 8
2 1 6
3 2 8 1
2 7 6
3 6 4 3
2 1 2
3 6 8 1
2 5 4
3 8 8 3

10 11
3 8 7 8
2 3 7
3 3 9 3
2 6 9
2 4 2
3 3 9 6
2 6 9
2 4 0
2 1 4
2 9 5
3 9 2 4
2 1 2
2 2 3
3 1 10 9
2 6 7
2 2 3
2 4 10
2 10 8
3 4 5 4
2 6 10
2 10 3

11 10
3 2 9 6
3 10 5 3
2 8 3
3 4 1 1
2 8 5
3 4 1 9
3 7 0 0
2 0 3
3 2 6 1
3 10 0 3
2 0 8
3 4 6 3
3 9 7 5
2 5 5
3 4 5 7
2 0 5
3 9 3 8
3 2 5 0
3 2 3 1
3 4 7 0
2 0 0

10 11
3 3 8 7
2 5 6
3 7 0 6
2 5 3
3 6 8 0
3 4 0 9
2 2 3
3 6 5 7
3 7 0 3
2 8 1
3 7 4 3
3 5 8 7
2 1 10
3 7 4 0
3 0 5 7
3 7 6 5
3 5 0 2
2 4 7
3 7 6 0
3 8 5 10
2 9 7

12 11
3 6 8 6
2 9 8
3 11 7 3
3 0 5 6
2 3 5
3 2 4 9
3 0 2 6
2 0 5
3 8 1 0
3 0 5 3
2 9 2
3 8 10 6
3 3 4 8
2 3 10
3 10 6 3
3 8 2 5
3 2 9 8
3 0 10 8
2 0 7
3 10 1 3
3 5 2 0
2 5 7
3 7 9 8

10 9
3 1 8 0
3 6 7 9
3 9 4 9
2 5 6
3 8 5 7
3 9 0 9
2 5 3
3 8 2 0
3 3 4 6
2 2 6
3 7 5 4
2 5 8
3 8 0 1
2 2 3
3 2 2 0
3 1 4 3
3 7 2 0
3 1 6 1
2 2 8

11 11
3 9 2 3
3 2 10 0
3 10 7 9
3 9 2 9
3 2 5 9
3 5 4 6
3 9 8 9
3 5 8 9
3 2 1 6
3 6 2 9
3 8 7 3
3 8 5 3
3 7 5 8
3 2 4 8
3 6 7 8
3 7 7 8
3 5 9 6
3 8 5 6
3 5 1 6
3 3 5 6
3 10 10 6
3 2 4 3

8 5
3 2 4 7
2 4 1
3 0 4 3
2 0 3
3 4 4 5
2 6 1
3 0 4 5
2 2 1
3 3 2 1
2 3 1
3 0 0 4
3 3 0 4
2 0 1

12 12
3 10 0 11
3 9 10 8
2 5 7
3 4 0 2
3 3 4 5
2 11 7
3 1 6 8
3 6 10 5
2 11 1
3 7 0 8
3 0 7 11
2 5 4
3 1 3 5
3 9 7 8
2 8 4
3 4 9 11
3 9 1 5
2 8 7
3 1 0 5
3 9 1 11
2 2 10
3 10 6 8
3 9 10 11
2 2 1

4 6
3 1 2 2
3 0 2 3
2 2 2
2 3 2
3 3 4 5
2 2 2
2 2 5
3 3 1 1
2 5 2
2 2 1

9 8
2 3 7
2 8 7
3 1 7 6
2 2 7
3 7 1 2
2 8 7
3 5 3 4
2 2 7
3 7 3 8
2 1 3
2 7 3
3 3 5 4
2 4 6
3 1 3 7
2 4 1
2 7 1
3 1 6 2

4 3
2 2 3
2 3 1
2 3 3
2 1 3
2 2 2
2 1 2
2 2 1

10 12
2 3 8
3 0 9 9
3 2 9 6
2 5 0
3 6 1 1
3 2 1 8
2 5 8
3 0 4 9
2 5 3
3 8 7 1
2 8 0
3 6 10 4
3 8 7 9
2 11 0
3 9 4 10
3 11 4 6
2 8 0
3 9 1 4
3 11 7 9
2 2 9
3 0 7 10
3 5 4 3

9 8
3 4 3 8
3 1 7 6
2 3 8
3 5 1 6
2 7 2
3 1 5 2
2 1 2
3 5 3 8
2 1 4
3 6 5 2
3 3 3 6
2 3 6
3 7 7 2
2 1 6
3 3 5 2
2 5 4
3 1 7 4

10 10
3 6 7 2
3 4 3 3
2 1 6
2 5 3
3 2 0 3
3 3 3 2
2 8 3
3 6 0 3
3 7 3 9
2 1 9
3 7 8 2
3 5 9 7
2 1 4
3 4 5 4
2 6 2
3 9 5 9
3 3 2 2
2 1 4
3 4 3 4
2 6 7

8 9
3 3 6 2
2 7 0
3 3 1 5
3 5 1 2
2 7 5
3 0 2 2
3 0 4 3
2 7 3
3 7 8 6
2 5 7
3 4 1 3
3 4 2 2
3 4 8 2
2 1 4
3 7 1 4
3 3 8 6
3 3 5 3

7 7
3 4 5 2
3 4 1 1
3 2 3 0
3 2 6 1
3 4 1 0
3 0 1 5
3 2 2 5
3 0 3 2
3 2 3 5
3 4 1 4
3 2 3 3
3 0 5 2
3 2 5 6
3 4 1 6

12 12
3 2 1 6
3 4 8 4
3 6 8 10
3 11 4 0
3 4 9 1
3 3 8 10
3 5 4 6
3 10 9 4
3 9 8 7
3 5 1 0
3 7 3 4
3 6 8 7
3 8 4 9
3 1 0 10
3 3 5 7
3 11 4 0
3 10 9 7
3 9 5 1
3 2 7 0
3 7 0 4
3 0 11 4
3 11 10 9
3 4 6 10
3 3 11 4

12 11
3 9 2 1
3 3 7 5
2 3 8
3 3 5 7
3 6 7 11
2 3 8
3 9 11 1
3 3 10 3
2 6 2
3 0 2 1
3 6 4 2
2 6 8
3 8 7 6
3 0 1 10
2 8 7
3 5 10 6
3 8 1 10
3 0 7 4
3 8 9 7
2 3 10
3 3 7 1
3 8 9 10
2 5 2

11 11
3 1 5 6
3 2 8 7
3 5 2 9
2 1 6
3 0 8 1
3 7 0 9
2 1 3
3 2 0 10
3 7 5 3
2 4 3
3 5 5 1
3 2 6 9
2 2 4
3 6 6 7
3 5 8 9
2 5 9
3 6 6 5
3 7 3 1
3 8 3 7
3 5 0 4
2 10 4
3 6 8 5

11 9
3 9 6 8
2 2 5
3 0 0 0
3 4 0 8
2 6 7
3 6 0 3
3 1 3 8
3 8 8 3
3 4 3 6
2 10 10
3 3 8 6
3 6 7 0
2 4 2
3 0 0 0
3 8 5 7
3 7 3 3
3 1 0 7
2 4 2
3 1 7 5
2 2 2

4 4
2 3 2
2 2 2
2 2 1
2 1 0
2 1 2
2 3 0
2 2 3
2 1 3

4 4
2 0 3
2 2 0
2 0 0
2 1 0
2 3 1
2 3 3
2 0 2
2 0 2

9 12
3 0 8 2
3 3 4 5
3 6 1 2
3 4 8 5
3 0 8 5
3 3 0 1
3 4 6 7
3 6 4 1
3 0 3 5
3 6 8 1
3 11 6 10
3 9 8 10
3 0 2 4
3 2 9 7
3 3 8 7
3 6 11 7
3 11 6 4
3 0 5 7
3 3 5 1
3 5 9 1
3 0 8 1

4 4
2 3 2
2 1 1
2 3 1
2 3 2
2 2 1
2 3 0
2 2 3
2 1 0

9 12
3 3 6 7
2 5 6
3 5 1 7
3 6 3 1
2 2 0
3 2 8 4
3 6 3 4
2 8 3
3 8 8 1
3 9 6 4
2 11 3
3 2 5 7
3 6 3 7
2 11 6
3 8 11 7
3 9 6 10
2 5 9
3 11 11 1
3 0 3 4
2 5 3
3 2 2 7

3 8
3 1 1 0
2 2 0
2 2 0
3 7 1 2
2 7 2
3 3 5 6
2 5 6
3 3 5 6
2 1 0
3 5 5 0
2 7 4

11 9
3 2 3 10
2 6 2
2 10 8
3 8 9 4
2 9 7
2 10 5
3 8 3 4
2 9 4
2 1 8
3 5 3 7
2 9 10
3 5 3 7
2 3 1
2 1 5
3 2 3 4
2 6 8
2 7 2
3 2 6 4
2 0 4
2 0 7

11 11
2 1 6
2 2 0
3 6 9 7
2 4 0
2 8 6
3 1 6 1
2 7 3
2 8 9
3 1 9 10
2 10 6
2 5 6
2 4 3
2 5 8
3 7 0 7
2 7 6
2 10 3
3 9 0 7
2 1 6
2 2 6
2 1 3
2 5 8
3 7 6 7

9 12
3 3 6 2
2 7 1
2 8 1
2 7 7
3 7 0 2
2 1 1
3 5 4 8
2 3 3
2 2 4
3 4 0 2
2 7 10
2 8 6
3 1 9 11
2 10 7
2 8 6
3 10 3 5
2 1 7
2 2 3
3 10 6 2
2 1 10
2 5 9

9 8
2 3 7
2 8 7
3 1 7 6
2 2 7
3 7 1 2
2 8 7
3 5 3 4
2 2 7
3 0 3 8
2 1 3
2 7 3
3 3 5 4
2 4 6
3 1 3 7
2 4 1
2 7 1
3 1 6 2

10 11
2 5 8
3 9 2 7
3 6 2 4
2 6 3
2 1 5
3 6 2 2
2 6 6
2 5 8
3 6 8 0
2 3 3
2 7 4
3 5 1 3
2 10 5
2 4 9
3 10 4 0
2 2 5
2 1 1
3 10 9 8
2 1 4
3 10 4 6
2 5 10

949 940
2 25 529
3 45 329 789
3 727 168 175
2 552 232
2 203 600
3 936 634 378
3 501 286 736
2 604 669
3 818 559 890
3 856 604 219
2 405 621
3 609 204 563
2 454 544
3 914 382 452
2 599 685
2 502 656
2 19 894
2 240 709
2 187 606
3 648 188 86
3 883 615 883
3 937 898 275
2 32 928
3 745 79 88
3 23 493 2
3 831 836 298
3 127 882 682
3 179 382 317
2 80 167
2 175 742
3 303 721 789
3 306 497 769
2 355 538
3 528 117 25
2 327 406
2 366 456
2 869 210
2 278 103
3 216 670 463
2 14 436
3 149 44 801
3 551 756 470
3 245 695 886
3 761 574 493
2 247 567
3 718 22 439
2 756 636
3 696 460 55
2 825 329
2 327 62
2 939 77
2 328 336
3 452 632 270
3 134 9 606
3 937 29 646
2 899 227
3 620 512 169
3 680 559 39
3 387 102 219
3 619 753 474
2 655 197
3 536 109 741
2 417 320
3 341 676 433
2 318 21
3 177 199 945
2 344 879
2 627 875
2 471 216
3 298 755 103
3 919 419 606
3 379 915 752
2 585 541
3 844 600 254
3 73 810 33
3 87 144 173
2 177 590
3 228 289 833
3 359 665 561
2 932 268
3 397 368 374
2 125 320
3 265 665 853
3 781 531 141
2 653 612
3 857 103 352
2 36 441
2 69 419
2 869 163
2 926 134
3 368 124 679
3 641 875 410
3 67 618 611
3 83 302 396
3 118 509 298
2 113 868
3 42 899 309
3 1 685 739
2 11 84
2 873 45
3 211 257 871
3 640 443 173
2 128 488
2 169 813
2 939 112
2 468 421
2 891 586
3 270 793 518
3 343 99 221
2 713 353
3 661 352 489
2 439 346
3 437 64 68
2 130 268
3 219 871 691
3 777 523 738
3 336 199 260
2 396 81
2 904 301
2 91 840
3 722 632 715
3 363 245 410
2 181 353
3 861 947 643
3 331 262 362
3 104 596 686
2 654 887
3 670 84 255
3 233 21 894
2 265 425
3 68 298 616
2 75 812
2 876 382
3 543 518 945
2 154 99
2 554 856
2 869 356
2 73 550
3 738 188 183
3 847 162 152
3 901 338 328
2 102 792
3 547 931 662
3 313 145 215
3 153 596 806
3 354 899 682
3 880 753 615
2 932 815
3 766 223 192
3 781 730 258
2 283 852
3 79 748 492
2 885 459
2 610 282
2 591 495
2 943 586
3 919 372 168
3 271 530 20
2 862 725
3 443 635 17
3 56 774 377
3 642 144 648
3 282 917 294
2 193 677
3 89 241 543
2 8 193
3 714 479 754
2 708 805
2 535 743
2 787 457
2 369 606
3 291 726 236
3 50 62 834
2 548 725
3 392 177 552
3 326 333 769
3 615 393 170
2 513 659
2 668 564
3 636 415 186
3 151 267 470
2 229 629
3 811 830 873
2 51 530
2 787 709
2 384 410
2 268 706
3 101 302 819
3 93 145 846
3 680 927 738
2 759 767
3 96 480 938
2 897 461
3 429 173 356
2 492 148
3 692 538 223
3 116 460 666
2 599 451
3 129 732 315
2 293 248
2 611 10
2 205 568
3 489 650 15
3 15 707 660
2 214 190
3 304 163 588
3 205 301 324
3 642 836 277
3 493 862 886
3 934 172 598
2 389 532
3 448 942 129
2 855 231
3 636 415 223
2 895 21
3 129 623 822
2 4 582
2 310 758
2 834 811
2 723 134
3 72 558 394
3 623 894 325
3 464 545 752
2 376 837
3 566 356 4
3 123 493 781
3 483 385 330
2 600 430
3 372 862 802
3 744 629 542
2 130 713
3 412 416 230
2 614 11
3 303 701 666
3 798 814 925
3 210 500 668
2 920 565
2 449 824
2 770 168
3 489 687 732
3 568 208 394
2 408 651
3 460 439 365
3 764 822 72
2 543 820
3 262 695 718
2 458 797
3 699 158 709
2 855 440
3 182 844 72
2 912 852
3 672 3 385
2 272 879
2 786 456
2 752 600
2 331 152
3 533 176 500
3 551 29 296
2 548 111
3 814 654 465
3 733 492 22
2 177 554
3 793 167 766
3 82 432 707
2 777 289
3 663 330 230
2 577 231
3 65 63 769
2 930 574
3 741 394 509
2 552 602
2 820 58
2 171 336
2 723 817
3 789 909 606
3 291 387 679
3 818 232 431
2 604 436
3 180 528 866
3 278 689 362
3 783 243 277
2 691 786
3 262 935 734
3 13 941 689
2 440 340
3 466 835 264
2 873 303
3 211 71 702
3 798 166 648
2 494 647
3 811 152 668
2 272 496
2 572 176
2 139 857
2 142 782
3 489 400 325
3 830 437 252
3 118 778 221
2 780 757
3 322 79 105
3 534 110 186
3 894 659 18
2 45 532
3 785 575 913
3 918 288 122
2 690 768
3 192 103 243
2 428 232
2 537 493
2 174 236
3 258 909 307
3 411 212 487
2 780 281
3 360 543 643
3 123 228 85
3 35 8 890
2 10 939
3 527 340 412
3 934 647 317
2 211 425
3 170 907 840
2 724 164
3 409 149 738
2 599 54
3 635 410 280
2 136 81
2 503 726
2 923 336
3 919 145 34
3 292 842 121
2 461 95
3 196 28 535
3 703 145 816
3 292 756 907
2 947 202
3 739 480 412
2 285 713
3 699 258 264
2 57 655
3 377 460 666
2 775 612
3 709 568 57
2 380 602
2 449 598
2 203 795
2 594 463
3 738 74 782
3 291 824 679
3 800 828 70
2 268 190
3 101 163 51
3 224 946 462
3 937 41 55
2 709 90
3 911 548 520
3 546 398 112
2 357 32
3 137 593 44
2 492 742
3 148 432 835
3 781 479 22
 ... (truncated)