5 3 10
1 2 3 5 5
1 5
4 5
2 1
1 1 10
10
1 1
4 1 10
-10 0 10 20
1 4
6 4 2
2 0 0 0 2 1
6 1
6 2
6 3
6 4
2 4 5
5 0
2 1
1 2
2 2
1 1
42 18468 6335
1161 -3055 -4019 5460 2806 4158 492 5608 5437 -1935 -154 6048 -6047 891 2722 5204 908 960 3560 -4807 4994 4665 1377 534 -2305 1083 190 3407 -779 -3036 -1843 -4767 -2608 -3644 -4801 -395 -2681 5762 3549 -6289 -950 -5506
27 30
17 19
16 15
26 36
35 33
25 40
36 4
36 20
7 25
19 34
39 6
1 24
18 3
5 13
34 24
34 16
7 5
19 6
31 12
30 10
35 42
41 9
17 16
11 23
29 28
36 32
40 2
24 34
10 36
6 38
15 30
25 39
41 39
11 34
21 19
42 31
18 23
18 31
42 3
16 2
10 33
33 2
9 9
17 19
40 7
16 13
41 8
31 12
26 1
9 13
9 26
6 33
26 37
14 42
28 31
24 8
23 30
15 36
22 21
42 14
15 35
22 9
5 7
18 38
27 4
32 28
22 32
34 41
12 15
1 19
25 1
15 15
36 18
9 38
26 19
19 17
29 33
30 5
6 21
18 34
41 5
4 33
31 39
22 1
9 29
15 18
42 8
25 31
31 42
37 33
4 26
30 30
1 5
30 36
3 39
33 4
32 12
31 4
4 10
2 5
2 33
38 41
11 16
28 5
21 12
13 18
12 27
40 17
7 6
14 33
2 8
21 32
1 5
16 12
34 26
41 14
14 38
8 1
14 26
12 22
5 21
20 3
29 24
31 13
26 27
8 33
42 30
38 22
20 31
15 27
30 30
37 14
29 1
11 20
29 13
21 32
20 34
39 2
9 33
30 1
22 34
33 31
27 42
28 41
40 23
9 27
33 14
36 25
42 39
14 18
5 33
37 19
3 13
42 32
15 12
32 1
30 8
15 42
23 15
42 37
39 24
26 15
26 36
22 32
35 20
27 42
28 8
7 34
42 4
12 9
17 3
39 3
5 36
3 28
21 33
23 26
6 14
15 39
6 20
35 15
3 8
37 6
26 33
23 21
11 26
39 17
40 38
33 11
31 36
11 29
28 23
37 23
12 41
30 1
30 32
37 25
28 29
35 40
2 10
27 22
8 2
9 14
3 15
11 40
27 42
32 32
18 5
29 29
11 33
41 32
28 28
12 28
17 13
15 33
8 27
20 15
12 31
32 17
23 8
30 12
25 19
14 36
35 38
15 10
27 30
20 20
3 13
1 16
1 2
31 32
19 26
17 25
35 8
38 19
33 31
34 1
2 22
4 14
4 3
3 8
33 34
7 36
18 22
22 38
30 8
29 37
36 42
37 15
41 19
5 38
6 21
24 4
6 30
2 30
1 14
3 40
9 25
2 20
16 40
18 30
21 31
15 2
32 37
11 20
22 14
9 42
33 13
20 13
2 33
7 6
7 8
10 32
34 39
39 18
8 13
3 31
6 31
32 3
32 36
39 9
23 10
23 15
36 24
18 7
29 42
23 10
28 35
26 34
37 4
29 37
3 42
24 21
4 23
2 28
8 4
29 19
34 36
31 26
2 42
16 6
35 10
27 22
30 14
32 24
11 37
16 41
10 25
11 14
11 38
13 1
23 30
34 13
42 12
26 37
12 23
38 22
13 27
7 18
40 32
27 25
35 37
6 20
28 10
41 15
34 19
41 32
15 24
30 42
27 33
31 6
17 36
42 24
27 10
19 20
15 11
25 26
16 7
29 21
14 11
28 40
10 18
42 9
6 30
22 29
40 22
31 4
38 24
4 10
20 35
3 21
15 12
37 9
15 35
19 12
34 11
1 35
20 1
36 18
13 24
25 26
10 11
41 16
42 2
29 31
4 9
9 2
26 28
6 38
5 21
24 31
33 12
22 15
33 25
41 15
33 8
28 23
28 5
35 14
22 18
35 37
36 29
31 25
17 39
11 29
12 16
40 3
34 10
38 4
29 35
13 35
5 16
22 39
13 23
39 16
37 8
3 12
19 23
37 12
14 20
5 11
39 25
17 27
6 30
19 18
23 34
30 35
34 14
1 23
4 15
37 27
36 10
8 15
16 25
24 32
16 22
38 3
3 10
30 21
4 39
17 12
27 4
19 35
8 12
26 4
28 32
16 17
1 28
15 40
4 28
4 19
16 15
15 27
23 42
5 41
37 23
38 38
32 14
42 17
27 16
33 38
31 11
4 32
13 6
41 2
28 29
27 41
19 32
38 9
22 36
20 30
16 39
36 17
6 7
37 34
32 25
9 37
28 40
17 10
11 22
6 7
13 41
7 23
24 4
15 39
17 16
29 22
17 36
4 11
12 31
2 28
11 32
22 19
5 37
17 30
32 4
5 11
3 7
14 11
37 27
42 9
5 5
20 9
39 16
21 8
1 18
21 27
11 24
3 28
4 11
6 31
31 20
33 11
29 29
6 21
11 13
39 18
20 22
17 9
22 25
27 19
27 13
10 41
37 23
37 8
40 27
34 35
2 3
32 41
34 21
39 40
42 29
20 35
21 35
28 5
18 12
37 18
3 19
5 21
25 21
40 29
28 40
30 14
14 34
33 5
13 24
15 28
25 8
33 34
40 37
4 1
12 36
33 40
41 26
19 4
35 13
25 8
42 26
28 24
9 42
20 21
17 31
35 4
30 39
20 9
5 7
13 5
13 34
25 27
4 20
20 10
4 20
22 26
26 5
35 20
6 19
11 10
31 28
19 40
40 8
16 9
35 17
34 19
23 35
7 31
2 41
33 25
24 40
11 35
21 35
32 9
13 1
26 41
12 32
4 28
40 1
13 6
41 4
5 39
4 31
33 19
4 7
6 19
4 42
17 39
3 36
35 24
11 19
11 28
11 32
15 23
21 4
24 14
15 16
25 24
27 40
7 11
35 23
32 11
1 3
22 41
19 22
10 10
17 12
31 31
26 25
14 29
42 27
38 30
15 14
24 27
2 17
4 41
4 26
20 32
31 13
12 5
10 21
27 36
10 40
24 32
12 29
21 15
25 38
9 12
18 25
31 1
38 1
4 12
2 8
6 10
18 31
21 1
13 31
38 33
21 24
33 32
33 38
35 13
1 21
31 39
4 13
18 42
2 19
34 18
29 13
35 25
16 24
39 18
35 2
32 24
30 27
1 22
3 17
9 25
9 2
27 5
14 29
8 36
11 21
21 37
30 39
39 15
13 14
3 2
27 31
12 18
14 8
4 22
15 31
31 32
28 31
32 30
27 31
37 36
6 15
25 38
37 23
6 18
14 42
37 17
20 29
22 7
1 35
40 14
8 41
32 22
37 23
26 33
16 18
38 32
34 25
36 9
29 9
31 13
30 7
30 34
6 31
1 7
3 38
3 10
24 41
16 1
21 31
12 36
34 11
39 42
10 25
25 1
12 41
10 7
23 5
36 27
38 19
19 1
27 24
35 17
32 39
19 32
25 8
38 7
10 12
2 31
5 13
15 14
27 26
25 22
42 16
14 33
23 34
26 25
26 28
1 41
30 26
39 5
16 20
10 19
29 24
25 3
25 36
16 14
13 37
42 14
23 41
34 20
30 28
20 19
13 27
26 38
21 23
30 42
37 25
12 42
18 36
22 21
37 37
29 34
28 10
3 30
8 13
18 16
6 39
21 2
7 35
30 5
11 17
2 8
4 28
12 22
29 20
2 17
29 17
14 34
15 31
3 12
13 5
31 22
18 17
30 26
4 19
24 2
15 17
30 35
32 24
12 30
35 7
22 37
11 40
9 21
14 35
10 6
35 6
3 2
37 19
17 25
18 14
4 24
30 5
32 20
20 6
9 39
36 6
4 12
9 38
36 33
10 28
13 37
14 16
11 40
28 33
3 42
39 24
18 41
38 29
35 23
23 40
23 37
24 25
7 32
5 38
9 42
41 30
26 37
31 13
15 15
2 21
31 38
26 39
6 31
5 2
22 32
38 25
11 30
2 30
5 3
18 35
20 19
14 13
32 21
32 20
2 22
7 36
29 41
1 10
3 39
24 9
11 6
18 22
32 32
37 26
10 40
28 10
11 6
42 2
13 7
28 2
24 17
26 1
1 3
26 40
33 37
1 34
22 11
18 1
26 41
31 32
40 8
42 38
26 7
38 6
31 35
40 19
31 18
14 40
29 36
1 17
25 10
25 26
17 38
39 39
31 4
39 9
1 7
23 29
36 13
21 21
36 30
19 26
27 7
36 24
3 26
27 8
33 8
35 14
2 5
35 32
31 12
29 22
31 27
9 21
27 30
13 11
19 18
34 20
14 12
3 14
8 42
12 14
30 41
18 10
26 28
29 4
8 39
23 1
23 26
6 31
7 24
21 12
6 41
26 9
1 30
31 36
9 39
15 40
12 32
37 24
28 16
23 42
9 33
18 10
23 12
31 42
40 34
7 15
24 40
38 6
40 24
27 38
30 21
18 32
23 19
19 23
38 29
33 32
24 9
3 18
36 26
5 32
36 28
20 36
38 34
10 5
34 26
29 19
4 42
34 34
3 34
17 13
13 1
32 12
37 19
31 8
13 35
4 8
3 11
20 21
40 42
15 25
31 32
4 32
7 39
36 39
40 38
40 38
1 41
19 26
31 1
31 4
34 15
28 19
13 37
20 33
8 22
25 31
12 16
14 4
9 18
11 12
11 32
40 28
22 19
32 17
20 16
31 37
3 8
28 17
19 26
37 23
12 34
14 37
1 15
22 10
38 33
6 26
30 12
14 32
42 27
42 16
8 3
13 42
36 32
28 6
35 15
25 7
24 40
33 6
16 22
13 6
42 15
14 7
26 20
31 16
26 18
19 11
23 17
32 21
7 12
1 11
16 36
15 18
17 24
13 23
33 25
42 22
18 2
30 2
1 2
2 11
8 28
34 7
40 19
10 17
27 9
12 15
40 24
17 24
38 15
14 38
23 16
8 29
16 17
14 15
4 26
12 12
31 8
31 21
25 16
32 8
12 33
24 5
14 13
38 40
7 15
12 33
22 1
41 18
19 8
7 7
29 13
12 4
33 14
27 19
12 5
19 11
26 2
42 36
8 13
36 13
7 28
18 40
37 13
28 5
24 31
2 11
29 40
35 19
9 30
7 42
30 23
4 33
38 28
36 32
35 41
6 11
18 40
24 33
9 10
5 23
13 17
30 1
24 21
22 23
15 27
13 42
5 3
8 10
16 28
25 3
39 17
31 39
34 12
3 35
12 8
3 7
12 32
24 16
3 42
38 30
25 9
26 16
11 25
21 41
24 32
19 30
11 25
12 34
37 34
22 41
40 32
38 35
31 16
13 32
32 17
7 6
40 30
28 29
2 5
18 23
12 16
22 18
17 18
6 30
41 32
28 26
19 41
22 8
6 34
38 4
28 31
32 39
33 27
26 23
38 23
13 16
31 35
23 9
42 24
39 38
14 37
10 19
39 27
1 15
10 12
34 3
41 25
20 42
2 13
8 11
34 20
15 16
19 24
40 24
10 37
30 3
15 36
23 24
3 16
14 20
20 40
6 21
40 27
30 6
16 10
11 14
25 20
28 23
12 31
5 42
27 42
37 7
30 11
4 29
26 33
5 10
14 9
16 11
14 3
35 34
31 6
40 24
41 39
41 42
27 16
26 37
37 37
13 19
28 40
41 12
26 40
8 2
39 3
39 10
42 31
9 2
35 7
38 9
35 16
23 11
16 11
6 20
14 13
6 31
26 38
1 34
36 19
36 38
23 39
2 8
29 11
31 29
22 35
16 16
21 20
29 8
9 18
1 36
23 38
41 10
34 27
36 34
8 42
29 40
42 35
22 32
35 4
23 27
40 3
25 18
15 41
10 10
36 17
16 7
29 10
31 11
6 13
32 11
38 40
30 5
26 23
24 9
1 11
22 13
35 18
16 8
33 5
20 24
3 32
29 10
36 38
26 30
23 28
28 9
38 2
12 18
21 6
40 29
13 12
8 28
17 20
39 13
35 11
32 38
3 33
17 38
3 24
11 36
38 1
9 40
6 5
16 14
36 10
9 33
7 7
14 34
26 15
33 5
23 37
15 40
17 2
41 21
18 7
34 20
29 25
31 3
1 26
39 23
33 2
37 21
13 17
19 12
16 19
31 34
35 15
8 41
35 19
26 33
3 1
30 14
27 22
24 23
21 10
21 27
41 28
37 18
3 12
30 2
14 13
4 27
26 23
20 32
40 7
15 1
6 28
29 32
2 42
11 28
27 4
5 30
19 38
31 35
1 20
24 9
16 30
25 29
10 10
38 12
14 5
16 20
1 17
38 27
14 25
14 7
14 25
32 6
21 35
12 42
33 2
7 34
20 28
5 38
21 5
37 36
3 39
18 13
40 10
2 42
19 20
10 1
10 38
9 33
1 5
17 32
41 40
12 19
16 31
15 39
25 34
26 6
25 21
19 28
8 11
36 18
29 28
28 3
31 37
24 33
41 18
39 19
3 9
36 5
4 23
33 17
34 25
38 24
28 10
26 4
41 11
25 36
28 15
11 33
23 20
3 42
39 1
21 20
8 35
26 39
36 11
34 36
24 4
31 23
24 30
1 26
10 8
7 42
14 15
28 15
38 22
30 6
38 26
13 36
42 10
11 23
22 38
28 37
19 34
26 34
40 5
23 36
32 34
15 12
24 20
12 32
1 19
19 26
3 3
22 37
39 17
38 18
9 31
25 29
40 32
6 36
22 18
37 1
19 12
35 41
24 21
30 29
39 37
31 1
42 21
30 14
13 18
24 22
9 29
22 16
3 4
6 13
25 37
29 41
33 10
8 34
29 22
40 27
32 1
28 28
30 8
11 8
34 37
32 36
22 3
20 39
7 2
9 35
8 18
8 20
15 41
36 21
26 13
39 8
1 14
17 35
25 35
10 31
10 35
11 19
12 12
7 12
14 40
14 16
9 38
16 39
18 25
6 41
13 39
42 17
36 36
18 17
15 8
26 4
31 21
23 9
7 15
5 16
9 36
2 10
42 31
30 16
14 42
37 1
32 18
28 38
27 28
5 14
18 31
19 10
16 33
31 23
7 23
11 28
38 29
23 39
21 30
6 21
8 11
31 11
33 9
36 22
34 23
19 34
34 9
25 33
39 21
20 10
26 22
21 40
23 6
20 29
30 39
1 4
32 6
37 36
26 34
1 16
25 2
17 7
42 24
31 36
40 15
19 24
8 22
28 11
13 7
41 28
20 6
22 40
10 12
39 37
16 1
36 8
21 7
13 2
26 13
12 15
3 7
37 37
4 1
10 11
6 2
40 28
25 10
6 24
2 5
36 26
39 23
24 27
8 9
11 3
27 26
38 15
30 2
25 17
26 28
37 39
13 6
18 40
17 11
42 3
10 3
28 3
19 2
10 29
1 20
18 18
8 17
30 35
7 19
16 12
27 24
6 10
11 7
20 1
24 3
7 35
38 23
18 27
20 25
10 17
25 10
2 12
11 19
41 7
22 22
19 6
32 25
38 2
36 37
14 28
12 21
6 4
24 19
31 27
36 30
15 10
36 32
34 38
2 14
32 4
5 29
39 37
3 27
29 20
36 25
6 11
29 18
41 33
16 7
26 8
7 11
8 14
4 42
23 6
17 42
38 36
23 22
34 21
36 26
11 37
7 5
33 14
1 7
11 35
31 8
10 29
31 23
2 4
5 26
30 35
34 26
19 6
32 2
15 4
12 41
41 37
17 22
41 42
4 5
27 36
9 32
9 40
34 12
4 7
37 23
4 30
16 34
39 37
17 2
23 10
11 38
41 33
14 4
29 28
34 35
4 23
38 41
34 31
24 16
1 27
36 21
38 13
42 30
27 11
15 42
25 17
26 27
22 4
36 21
9 40
35 8
9 17
26 36
9 41
6 14
32 5
36 34
29 4
30 15
27 7
20 12
10 23
7 23
23 34
34 16
7 9
32 19
39 42
39 23
13 5
14 29
7 8
10 33
3 14
19 30
32 12
22 16
20  ... (truncated)